[ 0.00000000e+00  3.81723085e-06  3.05255984e-05  1.02955032e-04
  2.43813212e-04  4.75624850e-04  8.20671464e-04  1.30093180e-03
  1.93802307e-03  2.75314314e-03  3.76701387e-03  4.99982567e-03
  6.47118356e-03  8.20005473e-03  1.02047178e-02  1.25027140e-02
  1.51108002e-02  1.80449042e-02  2.13200820e-02  2.49504777e-02
  2.89492856e-02  3.33287148e-02  3.80999570e-02  4.32731559e-02
  4.88573806e-02  5.48606011e-02  6.12896674e-02  6.81502903e-02
  7.54470273e-02  8.31832692e-02  9.13612322e-02  9.99819511e-02
  1.09045277e-01  1.18549877e-01  1.28493239e-01  1.38871678e-01
  1.49680344e-01  1.60913239e-01  1.72563229e-01  1.84622065e-01
  1.97080406e-01  2.09927840e-01  2.23152919e-01  2.36743180e-01
  2.50685188e-01  2.64964566e-01  2.79566034e-01  2.94473451e-01
  3.09669860e-01  3.25137528e-01  3.40858000e-01  3.56812142e-01
  3.72980197e-01  3.89341837e-01  4.05876214e-01  4.22562019e-01
  4.39377539e-01  4.56300713e-01  4.73309193e-01  4.90380402e-01
  5.07491597e-01  5.24619925e-01  5.41742491e-01  5.58836413e-01
  5.75878885e-01  5.92847241e-01  6.09719011e-01  6.26471985e-01
  6.43084269e-01  6.59534346e-01  6.75801133e-01  6.91864036e-01
  7.07703007e-01  7.23298597e-01  7.38632008e-01  7.53685141e-01
  7.68440649e-01  7.82881979e-01  7.96993418e-01  8.10760138e-01
  8.24168228e-01  8.37204739e-01  8.49857716e-01  8.62116228e-01
  8.73970398e-01  8.85411433e-01  8.96431642e-01  9.07024460e-01
  9.17184466e-01  9.26907394e-01  9.36190148e-01  9.45030810e-01
  9.53428642e-01  9.61384091e-01  9.68898787e-01  9.75975538e-01
  9.82618323e-01  9.88832283e-01  9.94623703e-01  1.00000000e+00
 -0.00000000e+00 -2.21419383e-04 -8.85085495e-04 -1.98922380e-03
 -3.53088203e-03 -5.50593805e-03 -7.90911088e-03 -1.07339749e-02
 -1.39729768e-02 -1.76174561e-02 -2.16576681e-02 -2.60828099e-02
 -3.08810495e-02 -3.60395572e-02 -4.15445399e-02 -4.73812784e-02
 -5.35341661e-02 -5.99867514e-02 -6.67217809e-02 -7.37212466e-02
 -8.09664329e-02 -8.84379674e-02 -9.61158726e-02 -1.03979619e-01
 -1.12008180e-01 -1.20180089e-01 -1.28473496e-01 -1.36866225e-01
 -1.45335836e-01 -1.53859683e-01 -1.62414973e-01 -1.70978832e-01
 -1.79528361e-01 -1.88040701e-01 -1.96493091e-01 -2.04862930e-01
 -2.13127839e-01 -2.21265719e-01 -2.29254811e-01 -2.37073754e-01
 -2.44701640e-01 -2.52118074e-01 -2.59303226e-01 -2.66237884e-01
 -2.72903505e-01 -2.79282268e-01 -2.85357116e-01 -2.91111806e-01
 -2.96530952e-01 -3.01600063e-01 -3.06305585e-01 -3.10634936e-01
 -3.14576542e-01 -3.18119861e-01 -3.21255421e-01 -3.23974838e-01
 -3.26270839e-01 -3.28137286e-01 -3.29569188e-01 -3.30562717e-01
 -3.31115216e-01 -3.31225208e-01 -3.30892399e-01 -3.30117679e-01
 -3.28903118e-01 -3.27251965e-01 -3.25168635e-01 -3.22658697e-01
 -3.19728864e-01 -3.16386968e-01 -3.12641947e-01 -3.08503812e-01
 -3.03983630e-01 -2.99093485e-01 -2.93846454e-01 -2.88256566e-01
 -2.82338768e-01 -2.76108883e-01 -2.69583568e-01 -2.62780271e-01
 -2.55717183e-01 -2.48413189e-01 -2.40887820e-01 -2.33161196e-01
 -2.25253977e-01 -2.17187306e-01 -2.08982752e-01 -2.00662252e-01
 -1.92248054e-01 -1.83762656e-01 -1.75228747e-01 -1.66669144e-01
 -1.58106736e-01 -1.49564415e-01 -1.41065023e-01 -1.32631286e-01
 -1.24285755e-01 -1.16050743e-01 -1.07948270e-01 -1.00000000e-01
  0.00000000e+00  1.58194702e-06  1.26539291e-05  4.26977471e-05
  1.01178741e-04  1.97537578e-04  3.41182058e-04  5.41478957e-04
  8.07745895e-04  1.14924325e-03  1.57516613e-03  2.09463639e-03
  2.71669472e-03  3.45029280e-03  4.30428552e-03  5.28742333e-03
  6.40834462e-03  7.67556821e-03  9.09748601e-03  1.06823557e-02
  1.24382936e-02  1.43732675e-02  1.64950900e-02  1.88114114e-02
  2.13297135e-02  2.40573026e-02  2.70013035e-02  3.01686534e-02
  3.35660953e-02  3.72001729e-02  4.10772246e-02  4.52033778e-02
  4.95845439e-02  5.42264128e-02  5.91344486e-02  6.43138842e-02
  6.97697169e-02  7.55067046e-02  8.15293607e-02  8.78419513e-02
  9.44484906e-02  1.01352738e-01  1.08558194e-01  1.16068098e-01
  1.23885427e-01  1.32012887e-01  1.40452920e-01  1.49207694e-01
  1.58279103e-01  1.67668769e-01  1.77378036e-01  1.87407970e-01
  1.97759362e-01  2.08432721e-01  2.19428277e-01  2.30745982e-01
  2.42385507e-01  2.54346245e-01  2.66627309e-01  2.79227535e-01
  2.92145482e-01  3.05379433e-01  3.18927396e-01  3.32787110e-01
  3.46956038e-01  3.61431380e-01  3.76210066e-01  3.91288766e-01
  4.06663889e-01  4.22331584e-01  4.38287750e-01  4.54528033e-01
  4.71047834e-01  4.87842311e-01  5.04906383e-01  5.22234737e-01
  5.39821828e-01  5.57661890e-01  5.75748933e-01  5.94076756e-01
  6.12638949e-01  6.31428898e-01  6.50439790e-01  6.69664622e-01
  6.89096206e-01  7.08727172e-01  7.28549980e-01  7.48556921e-01
  7.68740128e-01  7.89091580e-01  8.09603111e-01  8.30266415e-01
  8.51073055e-01  8.72014470e-01  8.93081980e-01  9.14266799e-01
  9.35560037e-01  9.56952709e-01  9.78435746e-01  1.00000000e+00
 -0.00000000e+00 -1.61106188e-04 -6.44284968e-04 -1.44911711e-03
 -2.57490430e-03 -4.02066974e-03 -5.78515902e-03 -7.86684118e-03
 -1.02639100e-02 -1.29742858e-02 -1.59956167e-02 -1.93252814e-02
 -2.29603909e-02 -2.68977911e-02 -3.11340657e-02 -3.56655393e-02
 -4.04882799e-02 -4.55981032e-02 -5.09905756e-02 -5.66610183e-02
 -6.26045114e-02 -6.88158979e-02 -7.52897886e-02 -8.20205663e-02
 -8.90023912e-02 -9.62292053e-02 -1.03694738e-01 -1.11392513e-01
 -1.19315850e-01 -1.27457875e-01 -1.35811523e-01 -1.44369546e-01
 -1.53124520e-01 -1.62068847e-01 -1.71194767e-01 -1.80494362e-01
 -1.89959563e-01 -1.99582157e-01 -2.09353797e-01 -2.19266002e-01
 -2.29310174e-01 -2.39477596e-01 -2.49759448e-01 -2.60146808e-01
 -2.70630663e-01 -2.81201918e-01 -2.91851399e-01 -3.02569868e-01
 -3.13348024e-01 -3.24176515e-01 -3.35045947e-01 -3.45946887e-01
 -3.56869879e-01 -3.67805444e-01 -3.78744094e-01 -3.89676339e-01
 -4.00592693e-01 -4.11483685e-01 -4.22339864e-01 -4.33151812e-01
 -4.43910147e-01 -4.54605535e-01 -4.65228697e-01 -4.75770414e-01
 -4.86221541e-01 -4.96573009e-01 -5.06815837e-01 -5.16941138e-01
 -5.26940127e-01 -5.36804127e-01 -5.46524581e-01 -5.56093054e-01
 -5.65501244e-01 -5.74740989e-01 -5.83804271e-01 -5.92683227e-01
 -6.01370152e-01 -6.09857510e-01 -6.18137937e-01 -6.26204247e-01
 -6.34049443e-01 -6.41666717e-01 -6.49049460e-01 -6.56191267e-01
 -6.63085940e-01 -6.69727499e-01 -6.76110179e-01 -6.82228444e-01
 -6.88076985e-01 -6.93650727e-01 -6.98944833e-01 -7.03954712e-01
 -7.08676016e-01 -7.13104648e-01 -7.17236766e-01 -7.21068784e-01
 -7.24597379e-01 -7.27819487e-01 -7.30732315e-01 -7.33333333e-01
  0.00000000e+00  1.24072097e-06  9.92520624e-06  3.34944128e-05
  7.93836843e-05  1.55019946e-04  2.67818907e-04  4.25182257e-04
  6.34494883e-04  9.03122078e-04  1.23840677e-03  1.64766673e-03
  2.13819187e-03  2.71724140e-03  3.39204120e-03  4.16978100e-03
  5.05761172e-03  6.06264277e-03  7.19193934e-03  8.45251979e-03
  9.85135292e-03  1.13953554e-02  1.30913893e-02  1.49462590e-02
  1.69667094e-02  1.91594226e-02  2.15310160e-02  2.40880394e-02
  2.68369727e-02  2.97842234e-02  3.29361243e-02  3.62989308e-02
  3.98788190e-02  4.36818830e-02  4.77141329e-02  5.19814921e-02
  5.64897955e-02  6.12447871e-02  6.62521179e-02  7.15173437e-02
  7.70459231e-02  8.28432152e-02  8.89144780e-02  9.52648660e-02
  1.01899428e-01  1.08823108e-01  1.16040736e-01  1.23557037e-01
  1.31376620e-01  1.39503979e-01  1.47943494e-01  1.56699426e-01
  1.65775918e-01  1.75176990e-01  1.84906542e-01  1.94968347e-01
  2.05366057e-01  2.16103194e-01  2.27183152e-01  2.38609198e-01
  2.50384466e-01  2.62511959e-01  2.74994550e-01  2.87834973e-01
  3.01035831e-01  3.14599589e-01  3.28528577e-01  3.42824985e-01
  3.57490866e-01  3.72528134e-01  3.87938561e-01  4.03723781e-01
  4.19885283e-01  4.36424418e-01  4.53342391e-01  4.70640268e-01
  4.88318969e-01  5.06379270e-01  5.24821805e-01  5.43647063e-01
  5.62855388e-01  5.82446981e-01  6.02421896e-01  6.22780046e-01
  6.43521197e-01  6.64644970e-01  6.86150844e-01  7.08038152e-01
  7.30306084e-01  7.52953686e-01  7.75979862e-01  7.99383371e-01
  8.23162832e-01  8.47316721e-01  8.71843373e-01  8.96740982e-01
  9.22007603e-01  9.47641151e-01  9.73639404e-01  1.00000000e+00
 -0.00000000e+00 -1.91662039e-04 -7.66575875e-04 -1.72452469e-03
 -3.06514721e-03 -4.78793784e-03 -6.89224686e-03 -9.37728067e-03
 -1.22421021e-02 -1.54856307e-02 -1.91066432e-02 -2.31037741e-02
 -2.74755159e-02 -3.22202198e-02 -3.73360965e-02 -4.28212167e-02
 -4.86735117e-02 -5.48907743e-02 -6.14706600e-02 -6.84106871e-02
 -7.57082385e-02 -8.33605618e-02 -9.13647713e-02 -9.97178482e-02
 -1.08416642e-01 -1.17457873e-01 -1.26838131e-01 -1.36553878e-01
 -1.46601450e-01 -1.56977058e-01 -1.67676789e-01 -1.78696608e-01
 -1.90032358e-01 -2.01679765e-01 -2.13634437e-01 -2.25891864e-01
 -2.38447423e-01 -2.51296381e-01 -2.64433891e-01 -2.77854998e-01
 -2.91554641e-01 -3.05527653e-01 -3.19768765e-01 -3.34272606e-01
 -3.49033706e-01 -3.64046498e-01 -3.79305320e-01 -3.94804418e-01
 -4.10537947e-01 -4.26499972e-01 -4.42684475e-01 -4.59085350e-01
 -4.75696414e-01 -4.92511402e-01 -5.09523971e-01 -5.26727707e-01
 -5.44116120e-01 -5.61682654e-01 -5.79420682e-01 -5.97323517e-01
 -6.15384405e-01 -6.33596537e-01 -6.51953042e-01 -6.70446999e-01
 -6.89071432e-01 -7.07819319e-01 -7.26683587e-01 -7.45657124e-01
 -7.64732773e-01 -7.83903341e-01 -8.03161598e-01 -8.22500280e-01
 -8.41912094e-01 -8.61389721e-01 -8.80925813e-01 -9.00513004e-01
 -9.20143906e-01 -9.39811115e-01 -9.59507216e-01 -9.79224779e-01
 -9.98956369e-01 -1.01869454e+00 -1.03843186e+00 -1.05816087e+00
 -1.07787415e+00 -1.09756424e+00 -1.11722373e+00 -1.13684520e+00
 -1.15642126e+00 -1.17594452e+00 -1.19540761e+00 -1.21480320e+00
 -1.23412397e+00 -1.25336264e+00 -1.27251195e+00 -1.29156468e+00
 -1.31051364e+00 -1.32935169e+00 -1.34807171e+00 -1.36666667e+00
  0.00000000e+00  1.13718206e-06  9.09718302e-06  3.07014547e-05
  7.27687150e-05  1.42113582e-04  2.45545207e-04  3.89865912e-04
  5.81869828e-04  8.28341528e-04  1.13605467e-03  1.51177065e-03
  1.96223724e-03  2.49418720e-03  3.11433702e-03  3.82938547e-03
  4.64601232e-03  5.57087700e-03  6.61061723e-03  7.77184773e-03
  9.06115887e-03  1.04851154e-02  1.20502549e-02  1.37630870e-02
  1.56300914e-02  1.76577172e-02  1.98523810e-02  2.22204662e-02
  2.47683214e-02  2.75022590e-02  3.04285543e-02  3.35534440e-02
  3.68831251e-02  4.04237534e-02  4.41814425e-02  4.81622625e-02
  5.23722389e-02  5.68173511e-02  6.15035315e-02  6.64366642e-02
  7.16225837e-02  7.70670741e-02  8.27758674e-02  8.87546428e-02
  9.50090255e-02  1.01544585e-01  1.08366835e-01  1.15481232e-01
  1.22893173e-01  1.30607996e-01  1.38630979e-01  1.46967336e-01
  1.55622221e-01  1.64600722e-01  1.73907863e-01  1.83548603e-01
  1.93527832e-01  2.03850375e-01  2.14520987e-01  2.25544351e-01
  2.36925082e-01  2.48667723e-01  2.60776745e-01  2.73256544e-01
  2.86111441e-01  2.99345686e-01  3.12963449e-01  3.26968824e-01
  3.41365828e-01  3.56158400e-01  3.71350398e-01  3.86945602e-01
  4.02947710e-01  4.19360338e-01  4.36187021e-01  4.53431211e-01
  4.71096275e-01  4.89185496e-01  5.07702074e-01  5.26649121e-01
  5.46029664e-01  5.65846642e-01  5.86102908e-01  6.06801226e-01
  6.27944272e-01  6.49534633e-01  6.71574804e-01  6.94067194e-01
  7.17014119e-01  7.40417803e-01  7.64280380e-01  7.88603892e-01
  8.13390288e-01  8.38641426e-01  8.64359067e-01  8.90544883e-01
  9.17200450e-01  9.44327249e-01  9.71926668e-01  1.00000000e+00
 -0.00000000e+00 -2.41005970e-04 -9.63975589e-04 -2.16876399e-03
 -3.85512978e-03 -6.02273506e-03 -8.67114549e-03 -1.17998304e-02
 -1.54081630e-02 -1.94954201e-02 -2.40607829e-02 -2.91033365e-02
 -3.46220706e-02 -4.06158794e-02 -4.70835620e-02 -5.40238223e-02
 -6.14352697e-02 -6.93164193e-02 -7.76656919e-02 -8.64814145e-02
 -9.57618207e-02 -1.05505051e-01 -1.15709153e-01 -1.26372082e-01
 -1.37491703e-01 -1.49065785e-01 -1.61092012e-01 -1.73567972e-01
 -1.86491166e-01 -1.99859005e-01 -2.13668809e-01 -2.27917813e-01
 -2.42603161e-01 -2.57721910e-01 -2.73271031e-01 -2.89247409e-01
 -3.05647842e-01 -3.22469044e-01 -3.39707645e-01 -3.57360190e-01
 -3.75423143e-01 -3.93892884e-01 -4.12765713e-01 -4.32037847e-01
 -4.51705425e-01 -4.71764507e-01 -4.92211074e-01 -5.13041027e-01
 -5.34250195e-01 -5.55834326e-01 -5.77789096e-01 -6.00110106e-01
 -6.22792884e-01 -6.45832885e-01 -6.69225491e-01 -6.92966017e-01
 -7.17049704e-01 -7.41471728e-01 -7.66227194e-01 -7.91311144e-01
 -8.16718549e-01 -8.42444321e-01 -8.68483303e-01 -8.94830278e-01
 -9.21479968e-01 -9.48427033e-01 -9.75666073e-01 -1.00319163e+00
 -1.03099819e+00 -1.05908018e+00 -1.08743197e+00 -1.11604788e+00
 -1.14492219e+00 -1.17404910e+00 -1.20342277e+00 -1.23303733e+00
 -1.26288683e+00 -1.29296530e+00 -1.32326671e+00 -1.35378499e+00
 -1.38451402e+00 -1.41544765e+00 -1.44657967e+00 -1.47790386e+00
 -1.50941393e+00 -1.54110356e+00 -1.57296642e+00 -1.60499612e+00
 -1.63718623e+00 -1.66953031e+00 -1.70202188e+00 -1.73465443e+00
 -1.76742141e+00 -1.80031627e+00 -1.83333240e+00 -1.86646321e+00
 -1.89970204e+00 -1.93304224e+00 -1.96647713e+00 -2.00000000e+00]